#|num|weight|mean|covariance matrix|
|0|540.21945187|44.9104073002 -54.4072812409 145.645766148|55.4440193968 13.2352030509 -3.70683611839 13.2352030509 51.4289777082 19.6212856245 -3.70683611839 19.6212856245 34.1690242383|
|1|1146.04587945|39.4933454395 -92.1095157041 156.98064123|33.4086635278 6.28685866261 1.85616490654 6.28685866261 71.546561863 11.6113812537 1.85616490654 11.6113812537 45.8075636394|
|2|583.044597656|54.7162197794 -57.6185951603 149.612399955|45.1942764414 -21.4675225579 2.51109154941 -21.4675225579 70.3425833886 -7.9968868394 2.51109154941 -7.9968868394 37.1413742256|
|3|572.1064491|66.3638368786 -78.942833602 163.085195842|65.0247301236 -22.973270559 22.327370785 -22.973270559 50.891694788 -18.9210580546 22.327370785 -18.9210580546 62.8813283201|
|4|940.168378442|69.6597127487 -65.0058544956 138.076078251|29.2518378355 2.37915773979 -27.7789470421 2.37915773979 32.2950968587 3.37809229708 -27.7789470421 3.37809229708 70.7996845354|
|5|1519.6102483|40.9757166381 -71.6475300202 136.824685845|37.0268532327 -4.66967449258 8.18813483171 -4.66967449258 41.4257247217 1.74410674915 8.18813483171 1.74410674915 53.0094873452|
|6|395.438067816|48.0774959931 -81.5314047571 156.851903891|72.9946861713 23.7768422115 -4.27867661589 23.7768422115 81.5049196106 -26.785395261 -4.27867661589 -26.785395261 48.7622519147|
|7|477.283992903|45.5169511259 -85.3393640495 157.495329108|56.2222971092 5.10262345598 -2.04741744109 5.10262345598 70.3573216253 -16.9825172206 -2.04741744109 -16.9825172206 44.962964761|
|8|320.777562927|50.3966519792 -74.7534430293 151.642010526|77.1883650363 6.25164237737 31.1664141475 6.25164237737 53.3145149318 -23.3329505063 31.1664141475 -23.3329505063 76.7740654731|
|9|1554.53694239|45.1919607792 -90.0032516216 159.146259311|56.5922528944 3.17029879207 -2.71270879084 3.17029879207 58.4063235854 0.927194310414 -2.71270879084 0.927194310414 38.1202305803|
|10|556.144022545|61.5371490297 -71.1112824294 158.855204247|56.4932876124 -37.6808144001 32.194400613 -37.6808144001 100.145249511 -45.5906039614 32.194400613 -45.5906039614 75.5016561502|
|11|2230.431259|74.1085110492 -86.3059687649 169.118454558|41.492325739 -4.52956579932 5.30555852892 -4.52956579932 29.3929757496 -10.7251064231 5.30555852892 -10.7251064231 53.9026733738|
|12|1921.30514634|35.8483924245 -61.2574970635 141.138806009|34.5037031843 -10.4180438118 -16.1695472986 -10.4180438118 26.183928778 20.3926301049 -16.1695472986 20.3926301049 48.7472799796|
|13|927.673236251|51.3756294592 -51.4235007595 148.41013776|39.9685235887 -15.9956904325 -6.4013133496 -15.9956904325 60.7928522558 1.60502237386 -6.4013133496 1.60502237386 32.0787290745|
|14|882.644918|41.865833029 -76.6137295138 148.215451591|40.9810467775 4.29753307916 8.03362515808 4.29753307916 30.5165694931 -23.8689569172 8.03362515808 -23.8689569172 94.4231328381|
|15|882.875801554|48.5089419685 -87.3501675246 159.325320916|68.7514731085 13.744595332 0.769000971382 13.744595332 65.1566964941 1.96904261511 0.769000971382 1.96904261511 34.0526661655|
|16|2933.72120306|40.9390240445 -74.4993938394 133.703502173|37.6173877982 -4.56305767351 11.7111454246 -4.56305767351 29.6201548575 -5.66718987602 11.7111454246 -5.66718987602 45.784400476|
|17|242.310732593|52.7953377281 -75.0048781579 153.869413623|77.4114769126 9.63059385336 26.3076268609 9.63059385336 55.2153637817 -22.1592607879 26.3076268609 -22.1592607879 70.7613144383|
|18|2145.01056726|70.6668787339 -60.5588186428 119.580300645|29.7377097277 -7.34574111549 1.50808807895 -7.34574111549 14.9212541535 3.81762025405 1.50808807895 3.81762025405 36.1709842213|
|19|1571.26806004|72.0127707414 -83.3865472338 169.184335309|51.3940199196 -13.4517794762 4.1501427659 -13.4517794762 46.2741190517 -11.759223412 4.1501427659 -11.759223412 44.425372741|
|20|1357.04771488|58.7056627163 -61.949390455 155.529823721|43.0156558708 -36.3435728479 19.8000676141 -36.3435728479 93.0611976248 -32.1662953138 19.8000676141 -32.1662953138 56.9801821811|
|21|2012.35851979|37.1528553417 -48.7883324714 155.471772613|42.5982161967 -13.7938998882 -2.49576889453 -13.7938998882 25.717891998 5.75076343614 -2.49576889453 5.75076343614 15.9635027176|
|22|1427.80670531|67.2714490186 -67.0657201015 142.288615372|33.0915341409 9.13102437341 -34.5426476065 9.13102437341 32.3348897567 -6.02066824882 -34.5426476065 -6.02066824882 86.9694773977|
|23|432.071912117|47.0988901725 -63.228879925 144.274291312|54.9098810056 10.0911541992 15.5085749663 10.0911541992 78.5703318941 15.4457584615 15.5085749663 15.4457584615 40.3002042315|
|24|887.157567712|42.6337620168 -75.4942213284 143.28639303|49.3803998341 2.55344859303 18.6902929841 2.55344859303 24.7595000529 -9.55229324628 18.6902929841 -9.55229324628 85.7853371618|
|25|519.387349378|48.3655662206 -88.1873098733 158.173587922|68.0815370115 16.4161243839 5.21451622587 16.4161243839 68.4042960078 6.93645341822 5.21451622587 6.93645341822 37.2798490905|
|26|1080.27130417|68.3112312964 -79.5214057315 165.453508011|61.0913656676 -18.0857953968 14.0896369671 -18.0857953968 51.2931586863 -12.7059000968 14.0896369671 -12.7059000968 49.6361510112|
|27|581.834936522|65.9779179891 -77.8553996935 163.63413333|64.2205615195 -20.0979805954 22.086142699 -20.0979805954 54.9932699004 -18.7687729011 22.086142699 -18.7687729011 58.5439373784|
|28|749.725695422|67.6377707551 -79.7861169252 164.536797479|67.5484690053 -17.6377234864 17.472340702 -17.6377234864 47.4122016952 -10.9545821633 17.472340702 -10.9545821633 50.5202650527|
|29|2330.83309297|48.3110402664 -44.7608214894 149.312125174|22.6028758677 -4.47154310717 0.74968945005 -4.47154310717 38.9366207618 0.0335601820647 0.74968945005 0.0335601820647 31.2085568281|
|30|344.604292807|53.6785387483 -74.6192903851 154.112409066|77.2855977557 3.36869076936 37.3916324066 3.36869076936 77.0828258718 -26.9278988885 37.3916324066 -26.9278988885 76.5264534867|
|31|2726.31232495|38.8484927244 -98.6693907689 155.235966637|28.8569804669 -1.29812020026 -0.892464875634 -1.29812020026 33.1075805275 8.36899370608 -0.892464875634 8.36899370608 57.2595623251|
|32|1716.52923478|47.3739794483 -91.786088422 157.998387333|58.5301951664 11.1531747697 0.512152986823 11.1531747697 52.8868632544 6.19109978317 0.512152986823 6.19109978317 39.8764694172|
|33|1399.58140343|66.210761855 -64.8113696308 145.811868218|29.4131054375 0.345546333913 -33.8732752702 0.345546333913 35.7149752133 6.43313112984 -33.8732752702 6.43313112984 97.7978787914|
|34|302.786818163|53.3372638557 -68.605836622 150.71645727|57.3146288165 -0.0988240509737 29.1261774113 -0.0988240509737 84.1396540827 -16.8316823714 29.1261774113 -16.8316823714 61.7606664523|
|35|990.633675795|54.4077847318 -55.6515510022 150.001649242|45.1546969734 -24.3312201691 1.63529208363 -24.3312201691 66.9844585054 -7.98183888429 1.63529208363 -7.98183888429 38.4187064661|
|36|579.996402836|59.6079779495 -65.8507792437 155.771115611|39.1059032169 -27.8648901575 18.3279788446 -27.8648901575 96.6150996349 -34.5799305761 18.3279788446 -34.5799305761 62.4155405208|
|37|975.591297247|72.6347860236 -60.543177704 130.938996585|19.0672045488 -9.92730949007 -3.96224668236 -9.92730949007 30.8771115851 4.09870757078 -3.96224668236 4.09870757078 41.3003312663|
|38|545.084539375|46.9239245451 -68.8534631145 142.510677666|57.1853920304 6.73645195548 28.822581174 6.73645195548 55.8015962679 11.5445742588 28.822581174 11.5445742588 56.8409119883|
|39|353.897865204|54.3422578344 -77.4865207688 156.796713125|89.6565198366 9.76683088351 32.9299323699 9.76683088351 67.8818781707 -19.169280641 32.9299323699 -19.169280641 66.1045617837|
|40|320.361265205|48.6931177503 -77.8569315963 153.101520673|68.4767294729 17.3476009078 7.4859711075 17.3476009078 97.2554321241 -36.7204419847 7.4859711075 -36.7204419847 61.9542904968|
|41|307.356448701|41.8394647409 -89.9961581428 156.710183909|46.955699906 8.01445631875 1.36556015603 8.01445631875 71.3219432033 7.48783178653 1.36556015603 7.48783178653 42.6690174242|
|42|638.049315746|42.6137242195 -82.7940097527 157.270371343|44.7993956703 11.831426801 -6.12826657326 11.831426801 59.3126863309 -27.8364859159 -6.12826657326 -27.8364859159 52.3583513246|
