Sample description: pol1.pdb
  0.000000e+00   1.726844e+11
  9.803922e-04   1.725312e+11
  1.960784e-03   1.720875e+11
  2.941176e-03   1.713502e+11
  3.921569e-03   1.703229e+11
  4.901961e-03   1.690103e+11
  5.882353e-03   1.674185e+11
  6.862745e-03   1.655548e+11
  7.843137e-03   1.634278e+11
  8.823529e-03   1.610472e+11
  9.803922e-03   1.584238e+11
  1.078431e-02   1.555694e+11
  1.176471e-02   1.524969e+11
  1.274510e-02   1.492197e+11
  1.372549e-02   1.457522e+11
  1.470588e-02   1.421095e+11
  1.568627e-02   1.383070e+11
  1.666667e-02   1.343609e+11
  1.764706e-02   1.302874e+11
  1.862745e-02   1.261032e+11
  1.960784e-02   1.218252e+11
  2.058824e-02   1.174700e+11
  2.156863e-02   1.130545e+11
  2.254902e-02   1.085952e+11
  2.352941e-02   1.041085e+11
  2.450980e-02   9.961051e+10
  2.549020e-02   9.511667e+10
  2.647059e-02   9.064213e+10
  2.745098e-02   8.620131e+10
  2.843137e-02   8.180807e+10
  2.941176e-02   7.747550e+10
  3.039216e-02   7.321592e+10
  3.137255e-02   6.904084e+10
  3.235294e-02   6.496090e+10
  3.333333e-02   6.098582e+10
  3.431373e-02   5.712441e+10
  3.529412e-02   5.338454e+10
  3.627451e-02   4.977311e+10
  3.725490e-02   4.629606e+10
  3.823529e-02   4.295840e+10
  3.921569e-02   3.976415e+10
  4.019608e-02   3.671644e+10
  4.117647e-02   3.381747e+10
  4.215686e-02   3.106857e+10
  4.313725e-02   2.847023e+10
  4.411765e-02   2.602211e+10
  4.509804e-02   2.372314e+10
  4.607843e-02   2.157151e+10
  4.705882e-02   1.956477e+10
  4.803922e-02   1.769981e+10
  4.901961e-02   1.597301e+10
  5.000000e-02   1.438021e+10
  5.098039e-02   1.291681e+10
  5.196078e-02   1.157785e+10
  5.294118e-02   1.035799e+10
  5.392157e-02   9.251648e+09
  5.490196e-02   8.253003e+09
  5.588235e-02   7.356076e+09
  5.686275e-02   6.554774e+09
  5.784314e-02   5.842936e+09
  5.882353e-02   5.214385e+09
  5.980392e-02   4.662975e+09
  6.078431e-02   4.182628e+09
  6.176471e-02   3.767373e+09
  6.274510e-02   3.411387e+09
  6.372549e-02   3.109018e+09
  6.470588e-02   2.854818e+09
  6.568627e-02   2.643569e+09
  6.666667e-02   2.470300e+09
  6.764706e-02   2.330305e+09
  6.862745e-02   2.219159e+09
  6.960784e-02   2.132726e+09
  7.058824e-02   2.067168e+09
  7.156863e-02   2.018946e+09
  7.254902e-02   1.984826e+09
  7.352941e-02   1.961870e+09
  7.450980e-02   1.947440e+09
  7.549020e-02   1.939184e+09
  7.647059e-02   1.935032e+09
  7.745098e-02   1.933181e+09
  7.843137e-02   1.932090e+09
  7.941176e-02   1.930457e+09
  8.039216e-02   1.927211e+09
  8.137255e-02   1.921495e+09
  8.235294e-02   1.912647e+09
  8.333333e-02   1.900186e+09
  8.431373e-02   1.883794e+09
  8.529412e-02   1.863296e+09
  8.627451e-02   1.838650e+09
  8.725490e-02   1.809924e+09
  8.823529e-02   1.777279e+09
  8.921569e-02   1.740961e+09
  9.019608e-02   1.701276e+09
  9.117647e-02   1.658586e+09
  9.215686e-02   1.613288e+09
  9.313725e-02   1.565803e+09
  9.411765e-02   1.516571e+09
  9.509804e-02   1.466032e+09
  9.607843e-02   1.414626e+09
  9.705882e-02   1.362776e+09
  9.803922e-02   1.310889e+09
  9.901961e-02   1.259347e+09
  1.000000e-01   1.208499e+09
  1.009804e-01   1.158666e+09
  1.019608e-01   1.110130e+09
  1.029412e-01   1.063138e+09
  1.039216e-01   1.017894e+09
  1.049020e-01   9.745691e+08
  1.058824e-01   9.332935e+08
  1.068627e-01   8.941605e+08
  1.078431e-01   8.572293e+08
  1.088235e-01   8.225252e+08
  1.098039e-01   7.900441e+08
  1.107843e-01   7.597533e+08
  1.117647e-01   7.315964e+08
  1.127451e-01   7.054948e+08
  1.137255e-01   6.813520e+08
  1.147059e-01   6.590574e+08
  1.156863e-01   6.384869e+08
  1.166667e-01   6.195105e+08
  1.176471e-01   6.019907e+08
  1.186275e-01   5.857882e+08
  1.196078e-01   5.707635e+08
  1.205882e-01   5.567798e+08
  1.215686e-01   5.437039e+08
  1.225490e-01   5.314099e+08
  1.235294e-01   5.197789e+08
  1.245098e-01   5.087014e+08
  1.254902e-01   4.980776e+08
  1.264706e-01   4.878193e+08
  1.274510e-01   4.778483e+08
  1.284314e-01   4.680983e+08
  1.294118e-01   4.585146e+08
  1.303922e-01   4.490527e+08
  1.313725e-01   4.396785e+08
  1.323529e-01   4.303685e+08
  1.333333e-01   4.211079e+08
  1.343137e-01   4.118899e+08
  1.352941e-01   4.027149e+08
  1.362745e-01   3.935897e+08
  1.372549e-01   3.845263e+08
  1.382353e-01   3.755407e+08
  1.392157e-01   3.666514e+08
  1.401961e-01   3.578795e+08
  1.411765e-01   3.492472e+08
  1.421569e-01   3.407763e+08
  1.431373e-01   3.324883e+08
  1.441176e-01   3.244034e+08
  1.450980e-01   3.165394e+08
  1.460784e-01   3.089120e+08
  1.470588e-01   3.015336e+08
  1.480392e-01   2.944139e+08
  1.490196e-01   2.875589e+08
  1.500000e-01   2.809711e+08
  1.509804e-01   2.746495e+08
  1.519608e-01   2.685904e+08
  1.529412e-01   2.627860e+08
  1.539216e-01   2.572263e+08
  1.549020e-01   2.518986e+08
  1.558824e-01   2.467878e+08
  1.568627e-01   2.418773e+08
  1.578431e-01   2.371491e+08
  1.588235e-01   2.325839e+08
  1.598039e-01   2.281624e+08
  1.607843e-01   2.238649e+08
  1.617647e-01   2.196724e+08
  1.627451e-01   2.155665e+08
  1.637255e-01   2.115296e+08
  1.647059e-01   2.075459e+08
  1.656863e-01   2.036012e+08
  1.666667e-01   1.996831e+08
  1.676471e-01   1.957812e+08
  1.686275e-01   1.918873e+08
  1.696078e-01   1.879955e+08
  1.705882e-01   1.841017e+08
  1.715686e-01   1.802045e+08
  1.725490e-01   1.763043e+08
  1.735294e-01   1.724032e+08
  1.745098e-01   1.685054e+08
  1.754902e-01   1.646165e+08
  1.764706e-01   1.607433e+08
  1.774510e-01   1.568939e+08
  1.784314e-01   1.530771e+08
  1.794118e-01   1.493023e+08
  1.803922e-01   1.455791e+08
  1.813725e-01   1.419172e+08
  1.823529e-01   1.383263e+08
  1.833333e-01   1.348154e+08
  1.843137e-01   1.313930e+08
  1.852941e-01   1.280666e+08
  1.862745e-01   1.248431e+08
  1.872549e-01   1.217281e+08
  1.882353e-01   1.187259e+08
  1.892157e-01   1.158399e+08
  1.901961e-01   1.130719e+08
  1.911765e-01   1.104225e+08
  1.921569e-01   1.078911e+08
  1.931373e-01   1.054759e+08
  1.941176e-01   1.031740e+08
  1.950980e-01   1.009813e+08
  1.960784e-01   9.889288e+07
  1.970588e-01   9.690309e+07
  1.980392e-01   9.500558e+07
  1.990196e-01   9.319335e+07
  2.000000e-01   9.145930e+07
  2.009804e-01   8.979593e+07
  2.019608e-01   8.819573e+07
  2.029412e-01   8.665116e+07
  2.039216e-01   8.515495e+07
  2.049020e-01   8.370026e+07
  2.058824e-01   8.228044e+07
  2.068627e-01   8.088942e+07
  2.078431e-01   7.952184e+07
  2.088235e-01   7.817268e+07
  2.098039e-01   7.683794e+07
  2.107843e-01   7.551408e+07
  2.117647e-01   7.419817e+07
  2.127451e-01   7.288818e+07
  2.137255e-01   7.158267e+07
  2.147059e-01   7.028081e+07
  2.156863e-01   6.898226e+07
  2.166667e-01   6.768731e+07
  2.176471e-01   6.639666e+07
  2.186275e-01   6.511137e+07
  2.196078e-01   6.383282e+07
  2.205882e-01   6.256267e+07
  2.215686e-01   6.130262e+07
  2.225490e-01   6.005466e+07
  2.235294e-01   5.882057e+07
  2.245098e-01   5.760229e+07
  2.254902e-01   5.640155e+07
  2.264706e-01   5.522002e+07
  2.274510e-01   5.405908e+07
  2.284314e-01   5.292002e+07
  2.294118e-01   5.180383e+07
  2.303922e-01   5.071125e+07
  2.313725e-01   4.964284e+07
  2.323529e-01   4.859881e+07
  2.333333e-01   4.757922e+07
  2.343137e-01   4.658384e+07
  2.352941e-01   4.561224e+07
  2.362745e-01   4.466392e+07
  2.372549e-01   4.373810e+07
  2.382353e-01   4.283393e+07
  2.392157e-01   4.195054e+07
  2.401961e-01   4.108694e+07
  2.411765e-01   4.024215e+07
  2.421569e-01   3.941521e+07
  2.431373e-01   3.860523e+07
  2.441176e-01   3.781134e+07
  2.450980e-01   3.703284e+07
  2.460784e-01   3.626904e+07
  2.470588e-01   3.551942e+07
  2.480392e-01   3.478367e+07
  2.490196e-01   3.406146e+07
  2.500000e-01   3.335269e+07
creator: em2dam
creator-version: 2.0 (r11727M)
